rgba(178, 147, 166, 0)
rgba(234, 213, 143, 0.0627450980392157)
rgba(166, 157, 54, 0.5725490196078431)
rgba(6, 120, 6, 0.6352941176470588)
rgba(127, 11, 247, 0.9372549019607843)
rgba(248, 179, 102, 1)
rgba(137, 70, 215, 1)
rgba(201, 39, 212, 1)
rgba(62, 86, 139, 1)
rgba(62, 28, 225, 1)
rgba(17, 87, 10, 1)
rgba(224, 42, 103, 1)
rgba(255, 40, 203, 1)
rgba(235, 69, 95, 1)
rgba(77, 57, 54, 1)
rgba(68, 153, 158, 1)
rgba(174, 72, 6, 1)
rgba(176, 124, 34, 1)
rgba(14, 109, 169, 1)
rgba(21, 64, 72, 1)
rgba(244, 219, 140, 1)
rgba(52, 105, 239, 1)
rgba(37, 104, 10, 1)
rgba(134, 97, 86, 1)
rgba(43, 83, 236, 1)
